$ 1 0.000005 10.20027730826997 50 5 50 5e-11
r 816 240 816 336 0 1000
r 816 336 816 416 0 330
c 928 352 928 416 4 0.00009999999999999999 0.6341934567813035 0.001 0
g 864 416 864 480 0 0
w 816 416 864 416 0
w 928 416 864 416 0
174 1056 304 1024 384 1 1000 0.5 Resistance
w 1056 400 1056 416 0
w 1056 416 928 416 0
R 816 240 736 240 0 0 40 5 0 0 0.5
p 736 336 736 416 2 0 0 10000000
w 736 416 816 416 0
w 736 336 816 336 0
R 1056 304 1136 304 0 2 1000 1.65 1.65 0 0
w 928 352 928 336 0
w 816 336 928 336 0
w 928 336 1024 352 0
o 10 16 0 151554 5 0.1 0 1
